----------
POINT(110 130)
POINT (110.0000000000000000 130.0000000000000000)
----------

----------
LINESTRING(40 40, 50 130, 130 130)
LINESTRING (40.0000000000000000 40.0000000000000000, 50.0000000000000000 130.0000000000000000, 130.0000000000000000 130.0000000000000000)
----------

----------
POLYGON((150 150, 410 150, 280 20, 20 20, 150 150),(170 120, 330 120, 260 50, 100 50, 170 120))
POLYGON ((150.0000000000000000 150.0000000000000000, 410.0000000000000000 150.0000000000000000, 280.0000000000000000 20.0000000000000000, 20.0000000000000000 20.0000000000000000, 150.0000000000000000 150.0000000000000000), (170.0000000000000000 120.0000000000000000, 330.0000000000000000 120.0000000000000000, 260.0000000000000000 50.0000000000000000, 100.0000000000000000 50.0000000000000000, 170.0000000000000000 120.0000000000000000))
----------

----------
MULTIPOINT(10 80, 110 170, 110 120)
MULTIPOINT (10.0000000000000000 80.0000000000000000, 110.0000000000000000 170.0000000000000000, 110.0000000000000000 120.0000000000000000)
----------

----------
MULTILINESTRING((110 100, 40 30, 180 30),(170 30, 110 90, 50 30))
MULTILINESTRING ((110.0000000000000000 100.0000000000000000, 40.0000000000000000 30.0000000000000000, 180.0000000000000000 30.0000000000000000), (170.0000000000000000 30.0000000000000000, 110.0000000000000000 90.0000000000000000, 50.0000000000000000 30.0000000000000000))
----------

----------
MULTIPOLYGON(((110 110, 70 200, 150 200, 110 110),(110 110, 100 180, 120 180, 110 110)),((110 110, 150 20, 70 20, 110 110),(110 110, 120 40, 100 40, 110 110)))
MULTIPOLYGON (((110.0000000000000000 110.0000000000000000, 70.0000000000000000 200.0000000000000000, 150.0000000000000000 200.0000000000000000, 110.0000000000000000 110.0000000000000000), (110.0000000000000000 110.0000000000000000, 100.0000000000000000 180.0000000000000000, 120.0000000000000000 180.0000000000000000, 110.0000000000000000 110.0000000000000000)), ((110.0000000000000000 110.0000000000000000, 150.0000000000000000 20.0000000000000000, 70.0000000000000000 20.0000000000000000, 110.0000000000000000 110.0000000000000000), (110.0000000000000000 110.0000000000000000, 120.0000000000000000 40.0000000000000000, 100.0000000000000000 40.0000000000000000, 110.0000000000000000 110.0000000000000000)))
----------

----------
GEOMETRYCOLLECTION(POINT(110 260), LINESTRING(110 0, 110 60))
GEOMETRYCOLLECTION (POINT (110.0000000000000000 260.0000000000000000), LINESTRING (110.0000000000000000 0.0000000000000000, 110.0000000000000000 60.0000000000000000))
----------

